2 50 1
0 0
17615 4379
16615 17876
18350 19633
9179 4822
10641 19077
16087 14912
18246 17576
637 5384
7160 2986
19462 13479
11458 8964
14812 2969
12143 2557
9344 4748
1741 9862
7183 13372
12688 4752
9310 4653
15907 15416
8800 764
7456 1411
1983 8770
15804 19907
15293 16127
15 14017
4395 2377
9997 18350
12116 136
3987 7368
14767 10462
5584 10628
2651 7733
12861 5685
9848 17448
5501 14194
10824 16682
12392 9661
16968 11388
1731 16346
14866 7363
18469 17961
9921 12411
19790 2092
13872 6056
8321 1711
2849 10178
14900 18629
13774 9003
17993 5467
