2 100 1
0 0
1234 112
5217 2437
4406 9503
3936 13193
14171 13168
12524 18
4257 15300
11644 2764
17036 18910
5772 18289
14596 8540
19195 17497
18710 6667
7850 5644
9577 5561
8608 8249
12482 14515
11001 9698
13981 18769
2898 4572
14790 876
11240 2742
5231 7891
11722 18456
922 18474
17193 10903
1323 12836
13503 9174
11834 15439
13736 8049
1312 5468
6927 2738
11213 13297
5824 431
9988 2525
9703 4491
16933 16642
12901 13097
3396 6965
7474 8344
16041 14224
9282 14081
16827 10003
772 11170
17419 16247
10907 17391
1934 11104
2905 5886
1257 17626
13839 10803
4591 18193
6674 11723
9472 1970
14911 19486
171 15357
2796 5199
6235 6060
9906 1466
7844 10295
17941 334
2723 9594
9673 15948
10570 18787
5264 11585
5243 19948
19541 10515
12404 8449
5315 18054
10887 6734
12461 18207
9761 9030
244 12454
19826 5914
11230 519
18293 1534
9153 3378
18409 18231
210 17302
1996 3412
17528 4354
12206 11744
11929 9613
16209 12108
18602 8230
13117 3192
18945 6514
1130 14213
9571 10389
9707 18002
6375 11829
7504 12494
10535 9318
14901 13668
5477 11897
1107 8071
19062 18033
10177 16280
13663 10313
17686 19998
