3 50 1
0 0
17134 11320
6358 2728
16296 4901
12579 3223
9960 3607
1338 12892
10497 12061
18215 17107
1866 11253
11893 16601
526 10564
3664 11316
15112 2557
1238 7960
5920 13364
1371 15175
15511 8198
15183 18454
15098 6265
12434 13295
7919 2305
16645 19547
10399 2973
11581 2505
14675 5491
1497 7026
1915 13233
2428 9797
4910 18354
9907 11852
10486 5082
9680 8529
7595 18975
12295 7290
5276 7215
19889 15168
6226 2920
14064 7078
6297 2503
7433 13831
18042 9261
8232 14405
7280 8650
7340 888
5653 1140
10112 6458
19297 7037
1613 6897
13986 14381
