4 50 1
0 0
7405 18717
18361 6235
18644 3835
327 18821
11173 16543
12054 16657
18000 4109
18350 11067
15934 15247
1574 6515
9265 19363
9194 7918
14220 2809
3680 7544
13530 4507
23 17445
5684 4997
10546 6576
11843 2739
4050 13135
4870 19387
6951 12104
9572 11829
7733 5572
11015 12911
12870 9162
18615 15060
2302 11698
7767 11445
5618 7271
17847 17830
6299 18892
5712 14940
680 11224
17199 15954
10736 6150
5600 16634
15366 9477
15760 6656
3534 9626
5163 9838
4443 19906
9278 18283
14875 4804
17411 10826
1867 17704
7476 19750
10110 2552
13304 11345
