4 100 1
0 0
7770 15172
6549 15736
1856 1347
6679 19245
4842 8182
7249 18641
17941 2918
4335 10767
13236 9067
13941 13322
6815 3576
9161 2988
18148 10718
15023 15628
7083 18506
9194 19941
9218 11628
10098 10741
12797 1275
10506 10939
15870 16682
14294 2349
11143 5828
16802 4593
7756 13428
15120 8655
14173 3237
3628 7071
14434 8618
2241 6248
11210 10467
71 18086
3416 14766
15582 7846
13580 13424
15850 3141
737 1504
2124 4926
8300 11557
16681 5557
3179 11492
16812 11262
2372 16267
15811 6770
16290 5650
7941 8384
4315 405
14616 8450
17344 7480
12429 18963
14586 1109
10138 14923
7377 1238
11357 19161
1519 3254
12473 19435
1442 3734
1162 5942
4430 15784
19884 2769
11227 14502
897 360
10529 18182
4534 17717
19170 14140
917 12856
17277 19346
6736 17942
8212 5547
3405 1559
16824 16148
600 14736
16340 17856
10121 19628
4183 3924
18979 10184
10045 17810
17764 12624
15764 16174
10594 264
15844 18345
6332 11958
9917 15733
7237 6384
14007 19164
10889 15402
6131 4673
3934 18884
3629 19043
12105 10707
4508 5215
19971 1006
13182 4658
5981 3311
12182 8906
13659 6863
15698 5677
18135 14187
8301 16327
