5 50 1
0 0
8845 9154
8625 11198
13282 7968
18491 13470
3995 3157
1601 5062
16716 18403
9535 16333
16526 8293
17392 8756
10200 2162
9461 9323
14680 15718
5094 15874
9022 15669
1557 13107
14312 11172
16829 19128
6286 2525
14650 598
8769 2354
6523 10922
2567 17421
11001 357
14041 249
9205 19536
401 8884
7420 8629
4567 10428
2473 13191
11512 9376
3741 14752
95 15320
16763 9254
9651 6254
17797 9722
8989 13491
6066 10848
6958 12117
11035 12675
18356 6936
15727 18148
16719 18041
13916 15045
6409 12392
8977 6603
10417 18238
5231 7181
17432 17712
