5 100 1
0 0
18825 9367
1971 19631
4487 17160
4759 9280
16965 6212
17044 14883
1490 16599
12144 1521
16327 6160
10321 2376
12275 13194
8909 4494
8919 16129
18641 1672
15522 14776
19283 10587
5600 12844
2871 17962
8593 14650
11296 6351
9420 282
16425 14021
7341 12958
15631 458
19177 19912
3303 13180
18816 13866
9834 3819
4817 6005
13556 1848
1032 3313
8246 2877
1339 3273
9049 5073
8905 17103
3081 12078
12820 9101
17438 13679
10536 14098
7012 16545
3222 7646
17220 6486
2950 14282
12673 978
15609 8054
1782 16130
1452 6461
9461 5769
6426 4082
15304 11999
1728 15359
3027 16385
6460 17370
18437 18797
18846 2888
7853 17002
5153 11637
6625 14257
12276 3341
8301 4418
19881 10071
8980 14518
11090 17290
8525 3275
16852 13173
575 680
18478 13941
16634 8573
15269 19321
6081 5045
19706 16725
13507 6525
11382 15318
17602 579
2676 11876
1636 9744
4084 9198
14628 2090
5224 4773
14400 7798
8691 2546
18975 12648
8282 13806
11154 19128
10531 4602
2619 13769
19067 16536
8523 15362
15010 15413
11303 2855
13419 7909
3300 14028
15764 10306
11816 6440
11441 15292
7324 695
7566 2928
15828 2722
5573 102
