6 100 27
5407 0
11305 0
19390 0
6650 0
19204 0
18082 0
14817 0
19558 0
2895 0
14030 0
19122 0
7512 0
10443 0
10773 0
6517 0
1440 0
9106 0
1426 0
5765 0
6401 0
13558 0
10471 0
1942 0
16529 0
18008 0
3870 0
27 0
7461 0
14090 0
716 0
15012 0
14004 0
3062 0
13060 0
16232 0
13817 0
3344 0
6204 0
7924 0
8777 0
5581 0
12411 0
7707 0
8687 0
18523 0
5164 0
595 0
16474 0
10983 0
12533 0
17823 0
7254 0
18637 0
11589 0
6747 0
10681 0
12282 0
8173 0
17137 0
1576 0
8638 0
5962 0
243 0
12493 0
7366 0
11525 0
16147 0
3725 0
18707 0
7932 0
12225 0
1186 0
5003 0
18506 0
10924 0
653 0
16297 0
14410 0
8623 0
18074 0
15365 0
15029 0
18990 0
19942 0
698 0
8491 0
14028 0
15182 0
7335 0
1160 0
3944 0
10568 0
14908 0
9575 0
12955 0
5380 0
19863 0
16057 0
12370 0
7815 0
