6 90 25
17039 0
9058 0
2466 0
19634 0
8867 0
19432 0
2099 0
19745 0
18998 0
17173 0
4044 0
8748 0
6957 0
3819 0
7110 0
15486 0
6262 0
13472 0
7693 0
15955 0
7821 0
9694 0
560 0
1695 0
25 0
18616 0
19293 0
7386 0
3086 0
3046 0
14304 0
7505 0
7250 0
9214 0
12268 0
14336 0
5638 0
10568 0
1913 0
13030 0
9950 0
14425 0
16440 0
10208 0
6667 0
3286 0
9828 0
4978 0
283 0
2255 0
2909 0
11955 0
3203 0
6447 0
15483 0
11632 0
6354 0
15980 0
8276 0
11192 0
8674 0
12934 0
4320 0
9746 0
15949 0
14627 0
3157 0
15982 0
19879 0
10605 0
3242 0
3316 0
16780 0
16952 0
8024 0
7938 0
2002 0
819 0
9408 0
18473 0
910 0
547 0
18640 0
12516 0
10206 0
12285 0
9132 0
4910 0
4386 0
12725 0
