6 80 29
558 0
18542 0
174 0
600 0
10361 0
18524 0
12753 0
8280 0
7869 0
1178 0
9041 0
2531 0
3122 0
10953 0
18779 0
5324 0
19209 0
488 0
1626 0
5745 0
8990 0
9191 0
12235 0
19360 0
4971 0
18671 0
2479 0
12397 0
29 0
7120 0
5611 0
11463 0
8499 0
5858 0
8992 0
425 0
8685 0
3019 0
3082 0
19293 0
16191 0
12261 0
160 0
4390 0
7045 0
12243 0
17704 0
2682 0
4474 0
10803 0
13601 0
16948 0
705 0
16451 0
19920 0
8397 0
3205 0
4688 0
10864 0
18495 0
4100 0
10955 0
3786 0
153 0
1288 0
19493 0
13438 0
19936 0
17664 0
7916 0
19156 0
7568 0
10920 0
11048 0
2243 0
6770 0
532 0
4319 0
6543 0
2352 0
