6 70 26
17397 0
16783 0
13505 0
5595 0
17484 0
19409 0
12793 0
4016 0
19080 0
4885 0
7280 0
12254 0
17300 0
15542 0
933 0
2684 0
7081 0
7192 0
17386 0
2255 0
3813 0
4312 0
527 0
7027 0
19675 0
26 0
6019 0
12255 0
1876 0
3587 0
17539 0
8812 0
1151 0
2957 0
8585 0
6411 0
14301 0
18783 0
14786 0
9341 0
6819 0
2164 0
1266 0
9259 0
11349 0
19914 0
18475 0
13118 0
6380 0
19715 0
19561 0
18961 0
678 0
11137 0
15830 0
13759 0
458 0
7849 0
2278 0
15554 0
13268 0
8469 0
8687 0
3338 0
17656 0
8770 0
3466 0
12432 0
914 0
16323 0
