7 150 26
7768 0
16177 0
12739 0
3256 0
1062 0
9710 0
17308 0
10005 0
16588 0
9637 0
1838 0
7074 0
13464 0
2318 0
11594 0
1689 0
17819 0
5241 0
254 0
3015 0
499 0
16776 0
17922 0
11794 0
11184 0
26 0
19594 0
1511 0
17185 0
10650 0
15266 0
19178 0
10236 0
9791 0
9683 0
13984 0
14615 0
9191 0
14192 0
13645 0
19548 0
16216 0
15727 0
3008 0
17345 0
17944 0
706 0
13803 0
18478 0
7755 0
12110 0
12251 0
834 0
960 0
16896 0
19277 0
6628 0
10603 0
1791 0
361 0
10355 0
8396 0
19513 0
12448 0
4264 0
7736 0
14576 0
13919 0
4004 0
15839 0
8133 0
10237 0
6430 0
10251 0
14639 0
2693 0
13966 0
1354 0
19647 0
10591 0
15528 0
6937 0
7697 0
8222 0
2679 0
7523 0
11957 0
17170 0
1485 0
11844 0
3215 0
1742 0
15544 0
728 0
4786 0
10763 0
3650 0
14605 0
12035 0
12470 0
16806 0
4961 0
10483 0
945 0
13581 0
3288 0
4826 0
12262 0
263 0
12407 0
12711 0
16489 0
2831 0
14539 0
1739 0
7658 0
11430 0
18085 0
15917 0
18047 0
4901 0
10783 0
8662 0
15330 0
2807 0
10802 0
13466 0
1624 0
5490 0
9242 0
458 0
1956 0
8894 0
17681 0
7341 0
6351 0
174 0
12548 0
16592 0
14527 0
12582 0
4544 0
17281 0
5079 0
3674 0
15706 0
19517 0
12099 0
19571 0
19400 0
