7 70 25
4062 0
8255 0
13969 0
1120 0
13132 0
4653 0
2660 0
17506 0
3705 0
12055 0
5679 0
10937 0
4908 0
12734 0
19908 0
446 0
9556 0
18138 0
6906 0
15428 0
10872 0
12245 0
11616 0
9591 0
25 0
12902 0
19918 0
153 0
3492 0
9366 0
6740 0
6627 0
3655 0
6892 0
11893 0
14203 0
17941 0
2883 0
8887 0
14000 0
6632 0
15724 0
264 0
6904 0
16568 0
5584 0
1900 0
18021 0
1757 0
17781 0
118 0
1248 0
17999 0
7472 0
10530 0
2305 0
11370 0
4384 0
11417 0
2601 0
825 0
9373 0
6370 0
3391 0
3697 0
775 0
11070 0
10004 0
9544 0
7842 0
