7 130 28
6357 0
6147 0
14285 0
19248 0
11844 0
18233 0
7171 0
16182 0
19519 0
5877 0
9759 0
18006 0
6066 0
13673 0
17976 0
6901 0
8340 0
8014 0
7443 0
11899 0
11231 0
2351 0
19968 0
12412 0
12471 0
15208 0
1081 0
28 0
5759 0
4754 0
4074 0
11852 0
7243 0
14563 0
3705 0
16311 0
18323 0
19229 0
10911 0
16968 0
3499 0
8970 0
19544 0
15251 0
19787 0
9089 0
19210 0
11125 0
3962 0
8961 0
9133 0
6724 0
2269 0
19099 0
4616 0
2504 0
4860 0
15342 0
7728 0
11262 0
2954 0
10071 0
16126 0
5297 0
580 0
14370 0
14313 0
15040 0
4690 0
2196 0
10192 0
13717 0
7589 0
17841 0
6423 0
11864 0
3794 0
1378 0
10878 0
8008 0
9818 0
3270 0
13397 0
17365 0
19838 0
18962 0
7095 0
9105 0
12789 0
17017 0
11599 0
4544 0
7181 0
247 0
2931 0
3588 0
18743 0
8283 0
10106 0
14787 0
13009 0
2178 0
2088 0
5565 0
33 0
6848 0
398 0
3522 0
11649 0
5603 0
12441 0
7118 0
13053 0
2441 0
8543 0
4630 0
9929 0
12487 0
1731 0
13972 0
8645 0
13409 0
2765 0
3338 0
3471 0
427 0
8005 0
10502 0
19216 0
19409 0
