7 120 26
18885 0
7441 0
9905 0
12839 0
2489 0
11973 0
16686 0
18187 0
14789 0
8524 0
40 0
10188 0
19979 0
17376 0
5895 0
4793 0
6989 0
16380 0
10049 0
15331 0
3441 0
16478 0
8095 0
8551 0
11829 0
26 0
12006 0
19910 0
10045 0
11334 0
4718 0
13088 0
6588 0
13902 0
2150 0
14007 0
16113 0
11626 0
688 0
12661 0
17395 0
3948 0
1667 0
17979 0
11007 0
7846 0
14810 0
3991 0
689 0
11909 0
17519 0
4095 0
19998 0
16106 0
791 0
530 0
2967 0
3020 0
2941 0
19309 0
9461 0
13493 0
10875 0
17005 0
6012 0
9841 0
15281 0
15115 0
11155 0
3209 0
909 0
179 0
622 0
18111 0
16038 0
3372 0
12217 0
6860 0
16223 0
2011 0
12823 0
9315 0
16607 0
7206 0
10661 0
19278 0
14368 0
16847 0
14839 0
7860 0
18250 0
1161 0
1130 0
6270 0
5705 0
9304 0
18074 0
5744 0
19802 0
19716 0
681 0
10684 0
17858 0
4464 0
10384 0
2617 0
11644 0
18320 0
9355 0
17181 0
15075 0
17035 0
4890 0
4113 0
19435 0
16087 0
5304 0
11104 0
8476 0
1109 0
