7 100 27
3088 0
17177 0
986 0
10695 0
11070 0
820 0
11940 0
1064 0
18238 0
3615 0
4468 0
12138 0
1454 0
16809 0
13016 0
4771 0
8810 0
10303 0
8108 0
5686 0
3063 0
19320 0
6887 0
11799 0
9994 0
4774 0
27 0
16902 0
19458 0
9182 0
967 0
9581 0
7464 0
13362 0
6754 0
2579 0
1900 0
4363 0
17108 0
16084 0
18074 0
8557 0
10812 0
17139 0
10309 0
2814 0
7025 0
18203 0
3820 0
3163 0
18519 0
11392 0
14602 0
2658 0
2643 0
18249 0
3041 0
12397 0
2404 0
16381 0
14831 0
215 0
19524 0
8928 0
18882 0
15254 0
8942 0
10591 0
15982 0
13432 0
9931 0
14827 0
4352 0
18769 0
12874 0
809 0
8551 0
8619 0
2704 0
15891 0
6805 0
17005 0
93 0
9565 0
8430 0
9615 0
19735 0
18281 0
17854 0
16433 0
1384 0
7003 0
14608 0
13539 0
3789 0
2995 0
19739 0
4339 0
4277 0
10103 0
