7 90 25
3350 0
19521 0
2561 0
13503 0
18720 0
3358 0
13277 0
8408 0
15737 0
7524 0
407 0
17318 0
4833 0
13143 0
4522 0
10498 0
7349 0
7507 0
5895 0
10038 0
3191 0
2544 0
2683 0
14477 0
25 0
6237 0
15010 0
3330 0
10538 0
3071 0
19076 0
85 0
14054 0
1532 0
14278 0
10471 0
5981 0
9564 0
12214 0
6611 0
11370 0
1969 0
13890 0
18519 0
9298 0
12934 0
6298 0
16743 0
19929 0
15562 0
11577 0
12248 0
11270 0
16183 0
15021 0
16931 0
2641 0
780 0
19248 0
6899 0
14463 0
3703 0
984 0
2430 0
4726 0
4644 0
4216 0
3492 0
1298 0
18910 0
8864 0
17751 0
6259 0
8123 0
7676 0
9199 0
13506 0
3747 0
5692 0
19854 0
4110 0
4220 0
6419 0
14400 0
5253 0
17954 0
6764 0
8239 0
18055 0
19140 0
