7 80 29
19219 0
12581 0
993 0
3356 0
19424 0
5818 0
14158 0
15543 0
2853 0
1134 0
13253 0
15935 0
1821 0
8551 0
16518 0
4915 0
16914 0
5397 0
17525 0
13780 0
3991 0
11349 0
19629 0
10715 0
9014 0
18952 0
1888 0
8211 0
29 0
4989 0
10818 0
760 0
3310 0
13654 0
4542 0
9338 0
3354 0
6081 0
4245 0
6458 0
9429 0
10956 0
3704 0
11686 0
7276 0
17099 0
193 0
19037 0
11162 0
17611 0
435 0
12179 0
55 0
7088 0
10488 0
6991 0
17421 0
10444 0
19899 0
3488 0
16057 0
12134 0
17151 0
18474 0
17600 0
7981 0
8194 0
12711 0
2684 0
18267 0
12759 0
1972 0
12224 0
415 0
4202 0
10013 0
2858 0
2334 0
17778 0
3336 0
