7 110 27
2254 0
17445 0
7657 0
4164 0
1884 0
15268 0
17132 0
1371 0
3693 0
17923 0
1850 0
4607 0
8479 0
9693 0
10214 0
9510 0
2190 0
17568 0
1401 0
8142 0
9102 0
11502 0
3910 0
5441 0
1941 0
4736 0
27 0
11985 0
17765 0
1200 0
10218 0
2712 0
18913 0
12760 0
4876 0
17460 0
1254 0
2820 0
7321 0
15314 0
10051 0
12245 0
6554 0
13318 0
7569 0
8604 0
9349 0
18576 0
10222 0
3512 0
2185 0
10631 0
16821 0
5299 0
9969 0
9067 0
8853 0
12637 0
18255 0
899 0
14811 0
3407 0
8274 0
5060 0
9699 0
14932 0
14776 0
17185 0
8164 0
6631 0
15597 0
6895 0
5093 0
4213 0
18759 0
11914 0
1066 0
5744 0
8083 0
8582 0
1686 0
4191 0
1459 0
16756 0
19635 0
8541 0
7298 0
18541 0
16184 0
6128 0
14160 0
14953 0
14916 0
2487 0
16133 0
12372 0
4621 0
1903 0
2274 0
1496 0
545 0
11726 0
2281 0
5543 0
13658 0
6619 0
2502 0
11549 0
6071 0
15081 0
