8 110 29
11755 0
15780 0
13005 0
16378 0
10120 0
102 0
15690 0
4725 0
4215 0
9640 0
12826 0
7236 0
17397 0
16747 0
13191 0
12137 0
2785 0
2696 0
18771 0
12896 0
9769 0
4462 0
17889 0
10276 0
2429 0
6983 0
17990 0
18704 0
29 0
14559 0
2328 0
8307 0
17271 0
18919 0
12856 0
17167 0
5548 0
2249 0
89 0
17380 0
17019 0
4881 0
7331 0
10249 0
10138 0
7227 0
17430 0
2609 0
1566 0
17184 0
5319 0
16056 0
4569 0
12291 0
12394 0
18901 0
17031 0
18370 0
10389 0
813 0
8185 0
2423 0
16064 0
17757 0
905 0
1709 0
4861 0
527 0
17290 0
3235 0
11610 0
4027 0
9269 0
8275 0
19452 0
16436 0
13094 0
5076 0
4312 0
7486 0
6822 0
9591 0
1600 0
13290 0
13295 0
18825 0
14227 0
11525 0
17607 0
14330 0
6626 0
15245 0
17677 0
14388 0
8125 0
6180 0
19328 0
2606 0
861 0
19120 0
3112 0
17912 0
12344 0
17811 0
9149 0
16367 0
10879 0
9791 0
8378 0
8731 0
