8 90 25
9139 0
16654 0
5205 0
15719 0
7059 0
18418 0
18075 0
18726 0
5574 0
6893 0
18366 0
19612 0
5138 0
12124 0
10067 0
18074 0
10786 0
15822 0
3208 0
12889 0
7642 0
750 0
2362 0
1746 0
25 0
12319 0
9044 0
1381 0
13999 0
12496 0
16566 0
18998 0
11462 0
16153 0
2228 0
625 0
8274 0
9196 0
16150 0
537 0
19817 0
5646 0
8591 0
5599 0
12860 0
8066 0
12787 0
6807 0
14310 0
17600 0
19125 0
8101 0
4332 0
2750 0
15563 0
3304 0
11148 0
13944 0
19719 0
19392 0
16980 0
11799 0
18511 0
1695 0
12581 0
14308 0
8865 0
4047 0
11614 0
14453 0
4414 0
19464 0
5881 0
8199 0
366 0
11645 0
12979 0
1147 0
17469 0
546 0
361 0
10703 0
18380 0
15164 0
8511 0
16451 0
2291 0
15360 0
16062 0
1230 0
