8 120 28
12653 0
13858 0
19393 0
17987 0
7485 0
14153 0
2054 0
16550 0
16546 0
2308 0
5444 0
2103 0
1745 0
8606 0
8436 0
3315 0
18069 0
2988 0
18031 0
4163 0
11816 0
13944 0
6000 0
2309 0
7379 0
14657 0
10370 0
28 0
1202 0
18240 0
14337 0
6482 0
7316 0
7996 0
2904 0
19004 0
13251 0
15405 0
10592 0
1067 0
9868 0
3818 0
529 0
9615 0
6181 0
19835 0
11971 0
17062 0
4440 0
8610 0
14650 0
18559 0
19647 0
13957 0
544 0
1408 0
7675 0
10258 0
8401 0
18610 0
14262 0
10145 0
8469 0
12047 0
18293 0
7032 0
10139 0
2457 0
17151 0
4778 0
13591 0
3169 0
9320 0
18136 0
8031 0
2447 0
10013 0
17093 0
3743 0
15341 0
9279 0
15809 0
12923 0
10109 0
8852 0
12599 0
5152 0
6543 0
13982 0
11234 0
17370 0
3957 0
9491 0
15808 0
15324 0
5125 0
15564 0
11536 0
3736 0
19105 0
18033 0
2052 0
5817 0
10702 0
402 0
10120 0
19231 0
17190 0
10399 0
3166 0
5281 0
13993 0
12553 0
17619 0
800 0
138 0
10083 0
6773 0
18155 0
11634 0
