8 80 27
16350 0
12464 0
12355 0
6465 0
1560 0
13396 0
17721 0
17217 0
15041 0
14014 0
19706 0
15519 0
19061 0
11807 0
12842 0
6155 0
7490 0
18562 0
11838 0
11769 0
7480 0
9471 0
8876 0
9985 0
2106 0
7851 0
27 0
4053 0
2914 0
9319 0
12529 0
15402 0
12858 0
19204 0
4229 0
3105 0
11375 0
6371 0
9762 0
8899 0
5410 0
17149 0
18366 0
16130 0
3789 0
2345 0
13266 0
18503 0
10156 0
5467 0
3300 0
6315 0
14289 0
3583 0
14424 0
17783 0
2752 0
13429 0
8982 0
81 0
1961 0
18886 0
1793 0
19770 0
1995 0
7621 0
16440 0
15538 0
7866 0
4468 0
12584 0
17530 0
6464 0
17030 0
15705 0
6984 0
2020 0
5041 0
14330 0
17531 0
