8 70 27
14558 0
762 0
13835 0
6220 0
5140 0
12890 0
1992 0
2835 0
12308 0
18254 0
13990 0
17191 0
8231 0
7822 0
15408 0
15738 0
19785 0
5622 0
509 0
15806 0
10212 0
14162 0
18063 0
8400 0
2062 0
9082 0
27 0
3060 0
4326 0
19179 0
10430 0
19566 0
421 0
7497 0
15010 0
8519 0
8861 0
14501 0
14574 0
10893 0
11830 0
5410 0
7951 0
1478 0
16285 0
10524 0
1749 0
1421 0
9110 0
12618 0
3886 0
18689 0
11653 0
15878 0
6932 0
14807 0
4434 0
8592 0
14175 0
13490 0
17794 0
667 0
273 0
12203 0
2267 0
3992 0
533 0
11209 0
3706 0
8798 0
