8 130 26
5727 0
17729 0
16274 0
18264 0
13967 0
19418 0
16971 0
876 0
1172 0
4892 0
12307 0
15431 0
5151 0
10789 0
12857 0
9692 0
12087 0
4487 0
9680 0
18628 0
8767 0
8738 0
17448 0
12904 0
14071 0
26 0
19192 0
8831 0
3501 0
12732 0
19743 0
19043 0
2773 0
8180 0
4604 0
9860 0
5252 0
3318 0
3152 0
965 0
7761 0
8126 0
13870 0
3126 0
17666 0
1232 0
7041 0
2503 0
576 0
18946 0
12388 0
8287 0
14336 0
9689 0
7481 0
6924 0
4868 0
14409 0
5468 0
5298 0
14221 0
6580 0
12590 0
2206 0
5427 0
6861 0
5885 0
14760 0
18998 0
9705 0
8170 0
5997 0
16724 0
1025 0
19011 0
4436 0
9430 0
7272 0
17983 0
13963 0
14054 0
17027 0
8845 0
4337 0
15799 0
11488 0
8475 0
15839 0
9206 0
16981 0
8754 0
2452 0
17709 0
3446 0
11856 0
17918 0
15075 0
6897 0
19835 0
2080 0
14103 0
10958 0
7903 0
11090 0
8071 0
2842 0
7494 0
14420 0
8617 0
2515 0
9948 0
14010 0
114 0
10297 0
14600 0
6486 0
5044 0
7766 0
6071 0
8050 0
7501 0
19609 0
14720 0
13490 0
12659 0
19913 0
11511 0
5651 0
8887 0
5422 0
