8 100 29
4151 0
742 0
14068 0
5336 0
14631 0
9127 0
7972 0
653 0
1682 0
15594 0
537 0
10809 0
17436 0
6094 0
13310 0
9662 0
1778 0
6081 0
7159 0
16137 0
14308 0
3469 0
5124 0
11149 0
12609 0
17340 0
1704 0
9181 0
29 0
3169 0
11006 0
18095 0
11360 0
15911 0
4070 0
16594 0
14519 0
1070 0
2294 0
14169 0
16397 0
18011 0
16375 0
15189 0
1038 0
19595 0
1111 0
16320 0
10377 0
12835 0
15022 0
2817 0
8110 0
16819 0
17093 0
14755 0
190 0
2290 0
2144 0
14175 0
12607 0
3720 0
9214 0
9688 0
1597 0
4425 0
18380 0
13773 0
4034 0
7929 0
607 0
19841 0
6454 0
4747 0
2497 0
11025 0
38 0
2708 0
13229 0
10800 0
15827 0
11086 0
14488 0
16652 0
19560 0
14060 0
15894 0
2377 0
8742 0
17409 0
8162 0
12033 0
15888 0
3836 0
4189 0
19101 0
1370 0
6959 0
4263 0
8138 0
