8 150 28
9840 0
6186 0
401 0
13303 0
18744 0
9676 0
2978 0
14883 0
17876 0
10160 0
11296 0
13165 0
18852 0
15046 0
19175 0
1155 0
18520 0
2460 0
5763 0
19661 0
5545 0
18931 0
1293 0
6212 0
12929 0
16776 0
11999 0
28 0
5625 0
4857 0
1161 0
11248 0
14682 0
9342 0
8761 0
11033 0
11890 0
4330 0
10077 0
18285 0
9945 0
14231 0
15661 0
13784 0
3334 0
16309 0
12860 0
7997 0
6399 0
11901 0
4167 0
7767 0
8233 0
6141 0
847 0
10559 0
9927 0
1695 0
6257 0
8824 0
16980 0
6913 0
2096 0
16063 0
15101 0
6927 0
7809 0
18289 0
1144 0
7364 0
18480 0
9855 0
12611 0
14688 0
19731 0
10970 0
18906 0
4626 0
9550 0
5759 0
5463 0
10674 0
6381 0
17892 0
18419 0
10459 0
71 0
17444 0
18166 0
11055 0
4279 0
11401 0
8356 0
16190 0
14233 0
2373 0
15307 0
3284 0
7941 0
9058 0
978 0
9378 0
19054 0
7654 0
9822 0
17727 0
8810 0
7901 0
18185 0
13960 0
18390 0
10654 0
15310 0
19418 0
14671 0
14918 0
3682 0
1955 0
15155 0
11410 0
18259 0
15126 0
13682 0
17058 0
9097 0
5608 0
7576 0
10184 0
9918 0
15611 0
9007 0
19716 0
6391 0
12185 0
8553 0
3390 0
2171 0
18516 0
7396 0
19720 0
18231 0
3667 0
6041 0
16397 0
11551 0
6690 0
12086 0
3835 0
2934 0
8632 0
