204220529
1 793025 -1
2 1698164 69
9 2100673 91
10 409748 73
13 1930329 61
15 1520681 75
16 24665666 51
18 3047194 58
19 3595561 53
20 6114553 84
21 278321 86
24 1604585 18
25 3899482 79
29 3087257 13
31 1207748 9
33 307586 98
37 4487665 76
40 3841337 20
41 985329 20
42 3151748 48
44 2653213 93
46 5095529 73
47 1615050 52
48 10811945 67
50 3628521 80
51 7759253 94
52 597357 44
53 2732225 47
55 1790825 16
58 1656658 37
61 375440 50
64 3382340 74
67 38365850 1
69 5430917 46
73 8085625 95
74 3974048 40
75 2274170 25
76 204829 77
77 5627024 48
78 462349 42
79 3669433 31
80 1922285 67
84 809057 24
86 3644226 29
91 2486837 29
93 187016 37
94 3077849 46
95 4727570 21
97 4563785 100
98 465001 50
100 3417650 67
