188575065
1 1535300 -1
2 11470644 1
5 4542490 48
6 782900 39
7 5870920 75
8 8703880 5
10 5154433 55
11 3032122 69
14 6747093 85
15 9296765 58
18 1273680 39
19 868409 93
20 1378989 71
21 403533 80
23 4941829 37
27 9130210 84
29 1596605 83
30 8356868 18
33 6538858 15
37 6432905 15
38 392221 10
39 2889344 82
40 8878946 49
47 2062385 30
48 11320261 62
49 2712373 57
53 3408084 91
55 4847401 20
56 3784546 88
57 483850 21
58 2781281 40
60 2991365 53
62 2902621 40
69 264074 8
71 2626244 30
75 1925437 23
76 1563904 81
79 1880528 56
80 2159204 2
81 8537625 14
82 2313634 83
83 4617890 19
84 2420281 94
85 2454633 27
88 2228417 48
89 2076337 60
91 100637 95
93 361556 89
94 4144464 6
95 811028 5
97 304985 10
99 271076 83
