186247140
1 934209 -1
2 1615986 9
4 3750218 63
8 3797450 37
9 31203250 29
12 5849460 88
13 18957341 12
14 975717 79
16 709337 69
18 1561169 9
19 205668 18
21 718400 19
22 269300 82
23 3048400 94
27 296041 35
29 14160265 31
31 2601098 39
32 3381505 21
34 3342937 9
35 867925 45
36 140725 62
37 4422010 23
39 1957700 58
44 8603362 34
45 2854189 98
49 61348 27
55 1320532 64
56 236329 4
57 2426597 55
58 1885988 56
60 3747305 9
61 3115738 8
62 6698693 87
63 1893850 1
64 2257380 78
65 1721889 60
69 438505 100
71 2159816 4
72 5564242 80
75 957298 64
78 372640 100
79 3780292 99
80 1124276 22
82 3055490 86
84 1054345 100
85 1651194 29
86 4045330 57
87 924244 84
88 1877544 29
89 118306 65
94 7368617 13
96 1136837 32
98 1207418 94
99 2580610 72
100 5240825 2
