p=(-2.2172e+13, 9.0330e+13,-5.2746e+12) v=(-3.5116e+04, 1.5070e+05,-8.9993e+03) m= 3.7024e+29
p=( 2.8924e+14,-1.2792e+15, 7.8166e+13) v=( 4.9623e+05,-2.1861e+06, 1.3337e+05) m= 2.5632e+28
p=( 6.4359e+13,-1.1148e+13, 3.5030e+12) v=( 1.8103e+05,-3.4682e+04, 9.9741e+03) m= 1.1733e+29
p=(-8.0654e+12, 4.9560e+12,-1.5623e+11) v=(-2.4220e+04, 1.1797e+04,-1.3939e+02) m= 8.0423e+29
p=( 2.1834e+14, 1.6243e+13,-1.0538e+12) v=( 5.4256e+05, 3.1019e+04,-2.7087e+03) m= 6.2937e+29
p=(-1.9577e+14,-9.6476e+12, 9.8849e+11) v=(-4.9488e+05,-3.3854e+04, 2.4073e+03) m= 6.9423e+29
p=( 3.6243e+11,-1.4817e+12,-1.6789e+10) v=(-3.8819e+03, 6.4657e+03,-1.7801e+02) m= 4.2859e+29
p=(-1.8622e+12,-3.5600e+11, 1.1623e+11) v=( 1.7205e+03,-1.0885e+04, 1.4992e+04) m= 5.8511e+29
p=(-2.4629e+11, 8.9328e+10,-7.5474e+11) v=( 1.0547e+04,-9.9831e+03,-5.6977e+03) m= 2.5005e+29
p=(-1.9521e+12, 1.3976e+11,-6.2155e+11) v=(-5.1427e+03, 1.8318e+04,-3.1354e+04) m= 2.6734e+29
p=(-2.2172e+13, 9.0330e+13,-5.2746e+12) v=(-3.5116e+04, 1.5070e+05,-8.9993e+03) m= 3.7024e+29
p=( 2.8924e+14,-1.2792e+15, 7.8166e+13) v=( 4.9623e+05,-2.1861e+06, 1.3337e+05) m= 2.5632e+28
p=( 6.4359e+13,-1.1148e+13, 3.5030e+12) v=( 1.8103e+05,-3.4682e+04, 9.9741e+03) m= 1.1733e+29
p=(-8.0654e+12, 4.9560e+12,-1.5623e+11) v=(-2.4220e+04, 1.1797e+04,-1.3939e+02) m= 8.0423e+29
p=( 2.1834e+14, 1.6243e+13,-1.0538e+12) v=( 5.4256e+05, 3.1019e+04,-2.7087e+03) m= 6.2937e+29
p=(-1.9577e+14,-9.6476e+12, 9.8849e+11) v=(-4.9488e+05,-3.3854e+04, 2.4073e+03) m= 6.9423e+29
p=( 3.6243e+11,-1.4817e+12,-1.6789e+10) v=(-3.8819e+03, 6.4657e+03,-1.7801e+02) m= 4.2859e+29
p=(-1.8622e+12,-3.5600e+11, 1.1623e+11) v=( 1.7205e+03,-1.0885e+04, 1.4992e+04) m= 5.8511e+29
p=(-2.4629e+11, 8.9328e+10,-7.5474e+11) v=( 1.0547e+04,-9.9831e+03,-5.6977e+03) m= 2.5005e+29
p=(-1.9521e+12, 1.3976e+11,-6.2155e+11) v=(-5.1427e+03, 1.8318e+04,-3.1354e+04) m= 2.6734e+29
