p=( 4.6898e+12, 1.3655e+12,-7.6762e+09) v=( 0.0000e+00, 0.0000e+00, 0.0000e+00) m= 8.8977e+29
p=(-1.9561e+12,-1.8148e+12,-1.3201e+10) v=( 0.0000e+00, 0.0000e+00, 0.0000e+00) m= 8.4936e+29
p=(-1.0329e+12, 2.3726e+12, 7.8580e+09) v=( 0.0000e+00, 0.0000e+00, 0.0000e+00) m= 7.7195e+29
p=( 5.5347e+10, 2.1412e+11, 3.0472e+10) v=( 0.0000e+00, 0.0000e+00, 0.0000e+00) m= 5.3265e+29
p=(-2.7773e+11,-3.3356e+11, 2.4925e+10) v=( 0.0000e+00, 0.0000e+00, 0.0000e+00) m= 5.8209e+29
p=( 1.4225e+12, 3.7573e+12, 2.1702e+10) v=( 0.0000e+00, 0.0000e+00, 0.0000e+00) m= 5.2903e+29
p=(-1.3288e+12,-2.9199e+12,-3.6132e+10) v=( 0.0000e+00, 0.0000e+00, 0.0000e+00) m= 4.6464e+29
p=( 1.3130e+12, 6.1608e+11,-3.4237e+10) v=( 0.0000e+00, 0.0000e+00, 0.0000e+00) m= 9.1429e+28
p=(-3.4318e+12, 1.3614e+11, 2.4692e+10) v=( 0.0000e+00, 0.0000e+00, 0.0000e+00) m= 2.2858e+29
p=(-5.8597e+11, 2.6988e+12, 9.0693e+08) v=( 0.0000e+00, 0.0000e+00, 0.0000e+00) m= 5.3178e+29
p=(-4.1271e+12, 1.3774e+12,-2.2798e+10) v=( 0.0000e+00, 0.0000e+00, 0.0000e+00) m= 7.2575e+29
p=( 2.2967e+12,-1.0443e+12,-1.6086e+10) v=( 0.0000e+00, 0.0000e+00, 0.0000e+00) m= 4.3857e+29
p=( 3.0156e+12, 1.5496e+12,-3.2136e+10) v=( 0.0000e+00, 0.0000e+00, 0.0000e+00) m= 9.3923e+29
p=(-6.7184e+11,-1.7946e+12, 4.8857e+10) v=( 0.0000e+00, 0.0000e+00, 0.0000e+00) m= 8.1510e+27
p=( 6.2943e+11,-1.4781e+12, 3.7832e+10) v=( 0.0000e+00, 0.0000e+00, 0.0000e+00) m= 5.6119e+29
p=( 3.9317e+11, 2.9544e+12, 4.3718e+10) v=( 0.0000e+00, 0.0000e+00, 0.0000e+00) m= 9.5141e+29
p=( 4.5692e+12,-5.5715e+10, 1.7766e+10) v=( 0.0000e+00, 0.0000e+00, 0.0000e+00) m= 4.9292e+29
p=( 1.3267e+12, 6.5891e+11, 3.4752e+10) v=( 0.0000e+00, 0.0000e+00, 0.0000e+00) m= 2.9376e+29
p=(-1.3334e+12, 1.9980e+12,-1.0610e+10) v=( 0.0000e+00, 0.0000e+00, 0.0000e+00) m= 9.4700e+27
p=( 8.4178e+10,-7.4563e+09,-4.3123e+10) v=( 0.0000e+00, 0.0000e+00, 0.0000e+00) m= 3.9929e+29
p=( 7.0401e+11,-3.4253e+11,-1.8833e+10) v=( 0.0000e+00, 0.0000e+00, 0.0000e+00) m= 2.9694e+29
p=( 2.8654e+12,-1.1060e+12,-2.0139e+10) v=( 0.0000e+00, 0.0000e+00, 0.0000e+00) m= 7.1863e+29
p=( 8.7599e+11, 3.5828e+11,-3.9452e+09) v=( 0.0000e+00, 0.0000e+00, 0.0000e+00) m= 6.9282e+29
p=(-1.3072e+12, 2.6116e+12,-4.5277e+10) v=( 0.0000e+00, 0.0000e+00, 0.0000e+00) m= 8.5377e+28
p=(-3.9620e+12,-2.9382e+12,-4.7024e+10) v=( 0.0000e+00, 0.0000e+00, 0.0000e+00) m= 2.3778e+29
p=(-2.6680e+12,-3.9206e+11, 2.4941e+09) v=( 0.0000e+00, 0.0000e+00, 0.0000e+00) m= 8.6757e+29
p=( 2.0874e+12, 1.5501e+12,-3.9530e+10) v=( 0.0000e+00, 0.0000e+00, 0.0000e+00) m= 8.2055e+28
p=( 1.3202e+12,-2.3786e+11, 8.4037e+09) v=( 0.0000e+00, 0.0000e+00, 0.0000e+00) m= 9.1793e+29
p=( 9.9932e+11,-4.0849e+12, 3.0918e+10) v=( 0.0000e+00, 0.0000e+00, 0.0000e+00) m= 8.8049e+29
p=(-2.9574e+11,-1.6088e+12,-1.1495e+10) v=( 0.0000e+00, 0.0000e+00, 0.0000e+00) m= 6.1078e+28
p=(-1.1544e+12,-1.2130e+12,-1.3171e+10) v=( 0.0000e+00, 0.0000e+00, 0.0000e+00) m= 5.5709e+29
p=( 2.6352e+12,-1.0009e+12, 2.9381e+09) v=( 0.0000e+00, 0.0000e+00, 0.0000e+00) m= 8.0568e+29
p=( 7.5899e+11,-2.9450e+12, 6.8184e+09) v=( 0.0000e+00, 0.0000e+00, 0.0000e+00) m= 7.2348e+29
p=( 2.5486e+11, 1.5729e+12, 2.3982e+08) v=( 0.0000e+00, 0.0000e+00, 0.0000e+00) m= 7.6252e+28
p=(-2.9145e+12,-6.6037e+10, 8.2812e+09) v=( 0.0000e+00, 0.0000e+00, 0.0000e+00) m= 5.9526e+29
p=(-2.2696e+11, 1.4989e+12,-9.4803e+09) v=( 0.0000e+00, 0.0000e+00, 0.0000e+00) m= 2.1745e+28
p=( 9.5982e+11,-2.0413e+12,-3.3843e+10) v=( 0.0000e+00, 0.0000e+00, 0.0000e+00) m= 4.6579e+29
p=(-1.5212e+12,-4.3590e+11,-3.8199e+10) v=( 0.0000e+00, 0.0000e+00, 0.0000e+00) m= 3.7732e+29
p=( 2.5031e+12,-1.9463e+12, 2.2786e+10) v=( 0.0000e+00, 0.0000e+00, 0.0000e+00) m= 6.6940e+29
p=(-1.5147e+11, 1.0255e+10,-2.6530e+10) v=( 0.0000e+00, 0.0000e+00, 0.0000e+00) m= 4.3060e+29
p=(-2.2005e+12, 3.2746e+12,-4.7486e+10) v=( 0.0000e+00, 0.0000e+00, 0.0000e+00) m= 4.9399e+29
p=(-2.2238e+11, 2.7788e+09,-1.6468e+10) v=( 0.0000e+00, 0.0000e+00, 0.0000e+00) m= 3.7529e+29
p=( 3.9075e+11,-9.2408e+11, 6.5588e+09) v=( 0.0000e+00, 0.0000e+00, 0.0000e+00) m= 6.8774e+29
p=( 6.7541e+11, 1.3062e+12,-7.7734e+09) v=( 0.0000e+00, 0.0000e+00, 0.0000e+00) m= 7.2277e+29
p=( 3.1009e+11, 3.0387e+12,-2.1448e+10) v=( 0.0000e+00, 0.0000e+00, 0.0000e+00) m= 4.5556e+28
p=(-2.9759e+12, 1.6378e+12, 1.3606e+10) v=( 0.0000e+00, 0.0000e+00, 0.0000e+00) m= 4.8618e+29
p=(-5.8319e+11, 3.1918e+12,-7.3943e+08) v=( 0.0000e+00, 0.0000e+00, 0.0000e+00) m= 5.7589e+28
p=( 1.1340e+12,-2.0960e+12, 1.8752e+10) v=( 0.0000e+00, 0.0000e+00, 0.0000e+00) m= 5.1579e+28
p=(-1.0256e+12, 2.5330e+12,-9.8111e+09) v=( 0.0000e+00, 0.0000e+00, 0.0000e+00) m= 7.5595e+29
p=( 2.3798e+12, 2.5099e+12, 2.9610e+10) v=( 0.0000e+00, 0.0000e+00, 0.0000e+00) m= 7.5211e+27
p=(-3.2938e+12,-1.7922e+12,-1.9948e+10) v=( 0.0000e+00, 0.0000e+00, 0.0000e+00) m= 7.0497e+29
p=( 7.7752e+10,-6.0011e+10,-1.9233e+10) v=( 0.0000e+00, 0.0000e+00, 0.0000e+00) m= 7.1668e+29
p=(-1.2472e+12,-1.3827e+12, 1.5581e+10) v=( 0.0000e+00, 0.0000e+00, 0.0000e+00) m= 5.4627e+29
p=(-2.1848e+12, 1.0594e+12, 8.0168e+09) v=( 0.0000e+00, 0.0000e+00, 0.0000e+00) m= 8.2512e+28
p=( 5.0544e+11,-6.8921e+11,-2.1330e+10) v=( 0.0000e+00, 0.0000e+00, 0.0000e+00) m= 6.3211e+29
p=(-6.2580e+11,-5.1172e+11,-3.2814e+10) v=( 0.0000e+00, 0.0000e+00, 0.0000e+00) m= 7.8876e+29
p=(-3.5429e+12,-2.5790e+12,-4.4428e+10) v=( 0.0000e+00, 0.0000e+00, 0.0000e+00) m= 5.8566e+28
p=(-1.5330e+12,-2.4272e+12, 3.4435e+10) v=( 0.0000e+00, 0.0000e+00, 0.0000e+00) m= 2.7140e+29
p=( 1.1571e+12,-5.6778e+11,-9.3385e+09) v=( 0.0000e+00, 0.0000e+00, 0.0000e+00) m= 8.4487e+29
p=( 2.3855e+12, 1.3627e+12,-9.8486e+09) v=( 0.0000e+00, 0.0000e+00, 0.0000e+00) m= 8.1999e+29
p=(-1.5095e+11,-1.2842e+12,-2.7585e+09) v=( 0.0000e+00, 0.0000e+00, 0.0000e+00) m= 9.5910e+28
p=(-1.1009e+12,-8.6667e+11, 4.2526e+10) v=( 0.0000e+00, 0.0000e+00, 0.0000e+00) m= 4.9965e+29
p=( 1.7327e+12, 4.2075e+12,-9.0932e+09) v=( 0.0000e+00, 0.0000e+00, 0.0000e+00) m= 7.3213e+29
p=( 2.0922e+11,-1.6726e+12, 4.0583e+09) v=( 0.0000e+00, 0.0000e+00, 0.0000e+00) m= 3.4793e+28
