p=( 0.0000e+00, 0.0000e+00, 0.0000e+00) v=( 0.0000e+00, 0.0000e+00, 0.0000e+00) m= 1.9900e+30
p=( 5.6546e+10, 1.2905e+10, 0.0000e+00) v=(-1.0663e+04, 4.6722e+04, 0.0000e+00) m= 3.3000e+23
p=( 6.3002e+10,-8.7720e+10, 0.0000e+00) v=( 2.8525e+04, 2.0487e+04, 0.0000e+00) m= 4.8700e+24
p=( 1.3728e+11,-6.0442e+10, 0.0000e+00) v=( 1.2008e+04, 2.7274e+04, 0.0000e+00) m= 5.9700e+24
p=(-9.8714e+10,-2.0552e+11, 0.0000e+00) v=( 2.1788e+04,-1.0465e+04, 0.0000e+00) m= 6.4200e+23
p=( 3.7821e+10,-7.7708e+11, 0.0000e+00) v=( 1.3069e+04, 6.3611e+02, 0.0000e+00) m= 1.9000e+27
p=(-6.1685e+10,-1.4287e+12, 0.0000e+00) v=( 9.6425e+03,-4.1633e+02, 0.0000e+00) m= 5.6900e+26
p=(-2.2368e+12, 1.7983e+12, 0.0000e+00) v=(-4.2687e+03,-5.3095e+03, 0.0000e+00) m= 1.0200e+26
p=(-2.5182e+12,-3.7294e+12, 0.0000e+00) v=( 4.5091e+03,-3.0446e+03, 0.0000e+00) m= 8.6800e+25
p=( 2.8085e+12, 5.2001e+12, 0.0000e+00) v=(-4.1772e+03, 2.2561e+03, 0.0000e+00) m= 1.3100e+22
