3 100 1
0 0
13184 4312
493 5736
10677 18137
10420 12674
10290 2918
2356 7736
6609 5000
11023 12840
9297 966
7885 382
9778 9507
760 8696
17380 15380
2063 7048
15540 9226
576 7042
13039 10213
27 7057
2628 19841
19244 14271
10022 14711
3309 14864
19883 3646
12856 17126
2272 10305
19561 14522
12956 16231
19871 6130
4046 11305
6137 10444
17628 8621
4586 15176
4348 9055
2931 464
11392 7139
6934 15830
19818 14314
4858 2245
19933 18252
1499 9830
15207 17637
9376 9007
141 10671
13639 8311
5601 12512
19426 15630
6311 11972
5596 11280
19500 11022
7197 1122
11162 1989
10503 5834
6936 6804
9089 18475
18317 10274
17166 6660
1725 5056
7284 7930
7880 9856
13508 7318
12034 4375
18297 14659
1764 4586
1583 15826
18376 178
13912 16885
395 12332
2026 13065
3186 4479
4881 15452
7445 11278
10857 17522
1115 1782
2796 861
4222 1605
16505 4875
4187 5867
494 18791
375 19816
9958 15948
950 7216
16421 118
12536 7964
5925 11550
13777 5862
13317 6444
7551 5059
17900 17705
3436 9421
6630 7163
11939 12913
15019 9795
15097 1065
3039 9066
14219 13688
13598 9139
4887 7215
14485 4507
11740 1421
