205111505
1 4418749 -1
3 1712525 58
5 4307773 18
6 5164385 10
10 4796353 11
11 2334800 51
13 5330741 82
14 1360730 42
17 301626 3
18 13468025 62
22 1534265 5
23 3904520 69
25 1173217 73
26 7678116 13
27 109313 63
30 2403125 26
31 3383793 49
39 6732050 76
42 9815978 67
49 1517849 30
51 1020944 39
56 1958993 57
57 16466285 62
58 1980224 74
62 37367818 6
63 2217482 14
65 9977146 23
67 2242529 25
69 4882490 26
70 2928545 74
71 4357693 23
73 4152817 81
74 11562850 1
76 814096 74
78 2307104 70
79 5656456 65
81 3285677 22
82 2226500 17
83 3825625 62
89 4432298 42
